25
4	-1	0	0	0	-1	0	0	0	0	0	0	0	0	0	0	0	0	0	0	0	0	0	0	0
-1	4	-1	0	0	0	-1	0	0	0	0	0	0	0	0	0	0	0	0	0	0	0	0	0	0
0	-1	4	-1	0	0	0	-1	0	0	0	0	0	0	0	0	0	0	0	0	0		0		0
0	0	-1	4	-1	0	0	0	-1	0	0	0	0	0	0	0	0	0	0	0	0	0	0	0	0
0	0	0	-1	4	0	0	0	0	-1	0	0	0	0	0	0	0	0	0	0	0	0	0	0	0
-1	0	0	0	0	4	-1	0	0	0	-1	0	0	0	0	0	0	0	0	0	0	0	0	0	0
0	-1	0	0	0	-1	4	-1	0	0	0	-1	0	0	0	0	0	0	0	0	0	0	0	0	0
0	0	-1	0	0	0	-1	4	-1	0	0	0	-1	0	0	0	0	0	0	0	0	0	0	0	0
0	0	0	-1	0	0	0	-1	4	-1	0	0	0	-1	0	0	0	0	0	0	0	0	0	0	0
0	0	0	0	-1	0	0	0	-1	4	0	0	0	0	-1	0	0	0	0	0	0	0	0	0	0
0	0	0	0	0	-1	0	0	0	0	4	-1	0	0	0	-1	0	0	0	0	0	0	0	0	0
0	0	0	0	0	0	-1	0	0	0	-1	4	-1	0	0	0	-1	0	0	0	0	0	0	0	0
0	0	0	0	0	0	0	-1	0	0	0	-1	4	-1	0	0	0	-1	0	0	0	0	0	0	0
0	0	0	0	0	0	0	0	-1	0	0	0	-1	4	-1	0	0	0	-1	0	0	0	0	0	0
0	0	0	0	0	0	0	0	0	-1	0	0	0	-1	4	0	0	0	0	-1	0	0	0	0	0
0	0	0	0	0	0	0	0	0	0	-1	0	0	0	0	4	-1	0	0	0	-1	0	0	0	0
0	0	0	0	0	0	0	0	0	0	0	-1	0	0	0	-1	4	-1	0	0	0	-1	0	0	0
0	0	0	0	0	0	0	0	0	0	0	0	-1	0	0	0	-1	4	-1	0	0	0	-1	0	0
0	0	0	0	0	0	0	0	0	0	0	0	0	-1	0	0	0	-1	4	-1	0	0	0	-1	0
0	0	0	0	0	0	0	0	0	0	0	0	0	0	-1	0	0	0	-1	4	0	0	0	0	-1
0	0	0	0	0	0	0	0	0	0	0	0	0	0	0	-1	0	0	0	0	4	-1	0	0	0
0	0	0	0	0	0	0	0	0	0	0	0	0	0	0	0	-1	0	0	0	-1	4	-1	0	0
0	0	0	0	0	0	0	0	0	0	0	0	0	0	0	0	0	-1	0	0	0	-1	4	-1	0
0	0	0	0	0	0	0	0	0	0	0	0	0	0	0	0	0	0	-1	0	0	0	-1	4	-1
0	0	0	0	0	0	0	0	0	0	0	0	0	0	0	0	0	0	0	-1	0	0	0	-1	4
45
20
20
20
40
25
0
0
0
20
25
0
0
0
20
25
0
0
0
20
55
30
30
30
50	